HaploidChromosomeNum = 24 
RandomSeed = -1 
Pop1AvgAlleleFreq = 1 
Pop1AvgAlleleFreqStdev = 0 
Pop2AvgAlleleFreq = 1 
Pop2AvgAlleleFreqStdev = 0 
 
:chr 1   len = 32265191   centromere = 32265191 
 
Num     Position Percentage     Position Abs.   Freq. Pop 1     Freq. Pop 2 
1	0.00441048063220825	142305	1	0 
2	0.00443911830554482	143229	1	0 
3	0.00462095513397085	149096	1	0 
4	0.00786733294093936	253841	1	0 
5	0.0101168469760492	326422	1	0 
6	0.0116424539374337	375646	1	0 
7	0.0119464347816816	385454	1	0 
8	0.0131566244253753	424501	1	0 
9	0.0152980963292608	493596	1	0 
10	0.0163498799681676	527532	1	0 
11	0.018489771221252	596576	1	0 
12	0.0186329595879349	601196	1	0 
13	0.0206765551147675	667133	1	0 
14	0.026167457059219	844298	1	0 
15	0.0291300615576706	939887	1	0 
16	0.0335887365427342	1083747	1	0 
17	0.0358219791725392	1155803	1	0 
18	0.0360365137773398	1162725	1	0 
19	0.0452351266105941	1459520	1	0 
20	0.0455807312592695	1470671	1	0 
21	0.0457319778457223	1475551	1	0 
22	0.0477388774794484	1540304	1	0 
23	0.0484641172587511	1563704	1	0 
24	0.049223170567935	1588195	1	0 
25	0.0558868844136085	1803201	1	0 
26	0.0559047054765614	1803776	1	0 
27	0.0575421977201375	1856610	1	0 
28	0.0591467132489623	1908380	1	0 
29	0.0616739259346086	1989921	1	0 
30	0.0628774210572626	2028752	1	0 
31	0.0634239233234355	2046385	1	0 
32	0.0643325805819653	2075703	1	0 
33	0.0644435980558739	2079285	1	0 
34	0.0661565896200645	2134555	1	0 
35	0.0661725201006868	2135069	1	0 
36	0.0673038321700932	2171571	1	0 
37	0.0676585178125863	2183015	1	0 
38	0.0708825805494224	2287040	1	0 
39	0.0709384302110593	2288842	1	0 
40	0.0717803282181097	2316006	1	0 
41	0.0733364014488555	2366213	1	0 
42	0.0740158333480809	2388135	1	0 
43	0.074111974108568	2391237	1	0 
44	0.0742112141843512	2394439	1	0 
45	0.0744909583829831	2403465	1	0 
46	0.0761395151821664	2456656	1	0 
47	0.0763687405414708	2464052	1	0 
48	0.076868133215142	2480165	1	0 
49	0.0783095007867767	2526671	1	0 
50	0.0789963400495599	2548832	1	0 
51	0.0792019796194605	2555467	1	0 
52	0.0793685058303235	2560840	1	0 
53	0.0803632310746278	2592935	1	0 
54	0.0825192697604053	2662500	1	0 
55	0.0846489952593183	2731216	1	0 
56	0.0881583499691665	2844446	1	0 
57	0.0882068232603985	2846010	1	0 
58	0.0890727719541471	2873950	1	0 
59	0.0915595385751784	2954186	1	0 
60	0.0958369036154164	3092196	1	0 
61	0.0968316598528736	3124292	1	0 
62	0.0972447365955466	3137620	1	0 
63	0.0988776108593313	3190305	1	0 
64	0.100421224842587	3240110	1	0 
65	0.101825586589585	3285422	1	0 
66	0.102095753903952	3294139	1	0 
67	0.1022401510036	3298798	1	0 
68	0.102249015045347	3299084	1	0 
69	0.102718065422269	3314218	1	0 
70	0.103135264254286	3327679	1	0 
71	0.103196475731385	3329654	1	0 
72	0.104455572570452	3370279	1	0 
73	0.106450415867676	3434643	1	0 
74	0.110535871304775	3566461	1	0 
75	0.110877322870954	3577478	1	0 
76	0.111133047376041	3585729	1	0 
77	0.111771072422909	3606315	1	0 
78	0.113910932682841	3675358	1	0 
79	0.115318362751982	3720769	1	0 
80	0.116121860242513	3746694	1	0 
81	0.11625776521825	3751079	1	0 
82	0.117902540852772	3804148	1	0 
83	0.118825702906888	3833934	1	0 
84	0.119587111695697	3858501	1	0 
85	0.120062484675823	3873839	1	0 
86	0.121404116281227	3917127	1	0 
87	0.122531802151737	3953512	1	0 
88	0.125273983346325	4041989	1	0 
89	0.125627708201077	4053402	1	0 
90	0.12569105820573	4055446	1	0 
91	0.130997643869519	4226664	1	0 
92	0.135873300734528	4383978	1	0 
93	0.138421929688871	4466210	1	0 
94	0.141290036063943	4558750	1	0 
95	0.142794412715548	4607289	1	0 
96	0.154754360511921	4993179	1	0 
97	0.155324355588039	5011570	1	0 
98	0.155452729227606	5015712	1	0 
99	0.158303634402784	5107697	1	0 
100	0.164628376134516	5311766	1	0 
101	0.16754380905416	5405833	1	0 
102	0.168386667848952	5433028	1	0 
103	0.168535930873615	5437844	1	0 
104	0.16869148550833	5442863	1	0 
105	0.174831198116881	5640962	1	0 
106	0.175108431870123	5649907	1	0 
107	0.177266857028678	5719549	1	0 
108	0.17929139176644	5784871	1	0 
109	0.18381899552369	5930955	1	0 
110	0.184244376548089	5944680	1	0 
111	0.187038254321817	6034825	1	0 
112	0.1883566410625	6077363	1	0 
113	0.192395792729075	6207687	1	0 
114	0.19475043553903	6283660	1	0 
115	0.194836317565887	6286431	1	0 
116	0.195044374601719	6293144	1	0 
117	0.196928851281246	6353947	1	0 
118	0.201964773740221	6516432	1	0 
119	0.209121743615279	6747353	1	0 
120	0.209459630968867	6758255	1	0 
121	0.212810176762939	6866361	1	0 
122	0.212815321626331	6866527	1	0 
123	0.216307351163674	6979198	1	0 
124	0.224879623368726	7255784	1	0 
125	0.22621372363796	7298829	1	0 
126	0.227105489628126	7327602	1	0 
127	0.228069903568834	7358719	1	0 
128	0.230141237967567	7425551	1	0 
129	0.232827631486824	7512228	1	0 
130	0.236792585545209	7640158	1	0 
131	0.237985388030091	7678644	1	0 
132	0.242790411499501	7833679	1	0 
133	0.245229789589654	7912386	1	0 
134	0.245924377140678	7934797	1	0 
135	0.248075487915134	8004203	1	0 
136	0.250315611024897	8076481	1	0 
137	0.251315202194216	8108733	1	0 
138	0.257039017683174	8293413	1	0 
139	0.25752694289025	8309156	1	0 
140	0.259684252295299	8378762	1	0 
141	0.261950967530302	8451898	1	0 
142	0.264940071174536	8548342	1	0 
143	0.267264216721978	8623331	1	0 
144	0.270650435635109	8732588	1	0 
145	0.270656696252007	8732790	1	0 
146	0.272426002375129	8789877	1	0 
147	0.277409050515151	8950656	1	0 
148	0.277797673660137	8963195	1	0 
149	0.278142596459448	8974324	1	0 
150	0.278906422714188	8998969	1	0 
151	0.280927920122959	9064193	1	0 
152	0.282151281856661	9103665	1	0 
153	0.287430252621161	9273992	1	0 
154	0.289198628949694	9331049	1	0 
155	0.291932658945053	9419263	1	0 
156	0.292398486034067	9434293	1	0 
157	0.29292521466865	9451288	1	0 
158	0.293632974309683	9474124	1	0 
159	0.29440117059899	9498910	1	0 
160	0.300629864549694	9699880	1	0 
161	0.303108263019426	9779846	1	0 
162	0.306052488578171	9874842	1	0 
163	0.30702905183484	9906351	1	0 
164	0.308800806417046	9963517	1	0 
165	0.309058452497616	9971830	1	0 
166	0.309564539692327	9988159	1	0 
167	0.318482416546054	10275896	1	0 
168	0.320525268237216	10341809	1	0 
169	0.322710130555248	10412304	1	0 
170	0.325736704921412	10509957	1	0 
171	0.328167187976665	10588377	1	0 
172	0.3284160939881	10596408	1	0 
173	0.329280152099518	10624287	1	0 
174	0.331766360843796	10704505	1	0 
175	0.334819682300966	10803021	1	0 
176	0.336332861008013	10851844	1	0 
177	0.338092435281105	10908617	1	0 
178	0.339030195110266	10938874	1	0 
179	0.34080821030937	10996242	1	0 
180	0.342276882848764	11043629	1	0 
181	0.343640798531148	11087636	1	0 
182	0.345048042641372	11133041	1	0 
183	0.346052530728859	11165451	1	0 
184	0.347507225356267	11212387	1	0 
185	0.35204521181976	11358806	1	0 
186	0.357102395581666	11521977	1	0 
187	0.357827666354121	11545378	1	0 
188	0.361116814712177	11651503	1	0 
189	0.362626615165551	11700217	1	0 
190	0.362756321510696	11704402	1	0 
191	0.370981656361495	11969794	1	0 
192	0.373304655162277	12044746	1	0 
193	0.374250318245443	12075258	1	0 
194	0.375139604783372	12103951	1	0 
195	0.376103677799397	12135057	1	0 
196	0.38044733719382	12275206	1	0 
197	0.382222965920146	12332497	1	0 
198	0.38540022899601	12435012	1	0 
199	0.389764653802917	12575831	1	0 
200	0.392009952769224	12648276	1	0 
201	0.396235931161852	12784628	1	0 
202	0.400981106852893	12937732	1	0 
203	0.403321120894651	13013233	1	0 
204	0.403431270560277	13016787	1	0 
205	0.40375927109807	13027370	1	0 
206	0.403968846798396	13034132	1	0 
207	0.404465574060913	13050159	1	0 
208	0.405509764377344	13083850	1	0 
209	0.406819844953033	13126120	1	0 
210	0.409159580056414	13201612	1	0 
211	0.409392152676239	13209116	1	0 
212	0.410142620882052	13233330	1	0 
213	0.411737590519765	13284792	1	0 
214	0.412683501548154	13315312	1	0 
215	0.414762677214587	13382397	1	0 
216	0.414832070884068	13384636	1	0 
217	0.415486336343089	13405746	1	0 
218	0.41565797642419	13411284	1	0 
219	0.418316414119476	13497059	1	0 
220	0.420980864486437	13583028	1	0 
221	0.421159540013261	13588793	1	0 
222	0.427361052968817	13788886	1	0 
223	0.427448422667016	13791705	1	0 
224	0.427931853866912	13807303	1	0 
225	0.430223456603744	13881242	1	0 
226	0.430279864142134	13883062	1	0 
227	0.430877536103846	13902346	1	0 
228	0.433760550185492	13995367	1	0 
229	0.437826231991002	14126547	1	0 
230	0.439972011943149	14195781	1	0 
231	0.441045490789129	14230417	1	0 
232	0.443450342506883	14308010	1	0 
233	0.444133617557076	14330056	1	0 
234	0.44635303724066	14401666	1	0 
235	0.447008883350481	14422827	1	0 
236	0.448051121098276	14456455	1	0 
237	0.452977606734143	14615409	1	0 
238	0.45323574870516	14623738	1	0 
239	0.453252516000913	14624279	1	0 
240	0.454777162174555	14673472	1	0 
241	0.455731782278927	14704273	1	0 
242	0.45667385015635	14734669	1	0 
243	0.459412777069877	14823041	1	0 
244	0.460283591688641	14851138	1	0 
245	0.46069611055456	14864448	1	0 
246	0.46115865236936	14879372	1	0 
247	0.465670387632294	15024944	1	0 
248	0.47086685462361	15192609	1	0 
249	0.472914355287715	15258672	1	0 
250	0.473875576933668	15289686	1	0 
251	0.474037578144199	15294913	1	0 
252	0.476451975753065	15372814	1	0 
253	0.476928464486697	15388188	1	0 
254	0.478841051955961	15449898	1	0 
255	0.479258870651037	15463379	1	0 
256	0.480569261158256	15505659	1	0 
257	0.484911122949807	15645750	1	0 
258	0.486536310911657	15698187	1	0 
259	0.486791353567379	15706416	1	0 
260	0.487842176418543	15740321	1	0 
261	0.48942044074681	15791244	1	0 
262	0.491158970669041	15847338	1	0 
263	0.491202423069493	15848740	1	0 
264	0.491498190728206	15858283	1	0 
265	0.491786520030208	15867586	1	0 
266	0.491985217133846	15873997	1	0 
267	0.493365218262616	15918523	1	0 
268	0.494402559092243	15951993	1	0 
269	0.495633917059409	15991723	1	0 
270	0.497731223720324	16059393	1	0 
271	0.499008482547027	16100604	1	0 
272	0.500520080603273	16149376	1	0 
273	0.50646081716981	16341055	1	0 
274	0.515825274364562	16643201	1	0 
275	0.515992265472719	16648589	1	0 
276	0.518147622309132	16718132	1	0 
277	0.518685198547252	16735477	1	0 
278	0.519367977706997	16757507	1	0 
279	0.521170446503788	16815664	1	0 
280	0.523231460182585	16882163	1	0 
281	0.528211161062087	17042834	1	0 
282	0.539214753137522	17397867	1	0 
283	0.539303610507063	17400734	1	0 
284	0.539760046670729	17415461	1	0 
285	0.54048547240895	17438867	1	0 
286	0.540952477237776	17453935	1	0 
287	0.541966263271152	17486645	1	0 
288	0.54339207228	17532649	1	0 
289	0.546264672662251	17625334	1	0 
290	0.551544201303504	17795679	1	0 
291	0.553087350389465	17845469	1	0 
292	0.555677944072917	17929055	1	0 
293	0.557654315450976	17992823	1	0 
294	0.565226035698967	18237126	1	0 
295	0.566461360789713	18276984	1	0 
296	0.567088569226198	18297221	1	0 
297	0.569459018544164	18373704	1	0 
298	0.57061376143721	18410962	1	0 
299	0.581072493883579	18748415	1	0 
300	0.5812474812252	18754061	1	0 
301	0.582212639001579	18785202	1	0 
302	0.584376209023526	18855010	1	0 
303	0.594116923095233	19169296	1	0 
304	0.594560714052491	19183615	1	0 
305	0.595444421822886	19212128	1	0 
306	0.597606628146103	19281892	1	0 
307	0.598477070847031	19309977	1	0 
308	0.605668908019172	19542023	1	0 
309	0.605886820877645	19549054	1	0 
310	0.609574944093776	19668052	1	0 
311	0.610923394192831	19711560	1	0 
312	0.611776666687019	19739091	1	0 
313	0.612145423220957	19750989	1	0 
314	0.613886215643354	19807156	1	0 
315	0.61534748081919	19854304	1	0 
316	0.620493707909555	20020348	1	0 
317	0.625693863086073	20188132	1	0 
318	0.627406389752969	20243387	1	0 
319	0.6287524843724	20286819	1	0 
320	0.630601783823316	20346487	1	0 
321	0.632151565444011	20396491	1	0 
322	0.634314298650828	20466272	1	0 
323	0.640907874991349	20679015	1	0 
324	0.641150086481744	20686830	1	0 
325	0.641778689610113	20707112	1	0 
326	0.642118250593961	20718068	1	0 
327	0.642357951638966	20725802	1	0 
328	0.643347501026726	20757730	1	0 
329	0.645117024101918	20814824	1	0 
330	0.645778665931344	20836172	1	0 
331	0.646239348156966	20851036	1	0 
332	0.647259363814087	20883947	1	0 
333	0.64830755224725	20917767	1	0 
334	0.64837620208106	20919982	1	0 
335	0.649975758705411	20971592	1	0 
336	0.651500900769501	21020801	1	0 
337	0.657304089723194	21208042	1	0 
338	0.660786604362578	21320406	1	0 
339	0.664697103451208	21446579	1	0 
340	0.666459095190231	21503430	1	0 
341	0.668784294504874	21578453	1	0 
342	0.66948005979571	21600902	1	0 
343	0.670290251807281	21627043	1	0 
344	0.67130344897075	21659734	1	0 
345	0.671952197648543	21680666	1	0 
346	0.672614056430039	21702021	1	0 
347	0.674342265632334	21757782	1	0 
348	0.67529012922936	21788365	1	0 
349	0.676607400216537	21830867	1	0 
350	0.676752944062845	21835563	1	0 
351	0.683861378660365	22064918	1	0 
352	0.684969910762344	22100685	1	0 
353	0.685375456168848	22113770	1	0 
354	0.685728096263245	22125148	1	0 
355	0.692812077263079	22353714	1	0 
356	0.693683573731208	22381833	1	0 
357	0.69508096201879	22426920	1	0 
358	0.695636173360945	22444834	1	0 
359	0.696158593947267	22461690	1	0 
360	0.697073976719989	22491225	1	0 
361	0.697440129829078	22503039	1	0 
362	0.700810666206811	22611790	1	0 
363	0.702008303623555	22650432	1	0 
364	0.702984030065094	22681914	1	0 
365	0.703468422052732	22697543	1	0 
366	0.705333837943188	22757731	1	0 
367	0.705376794453193	22759117	1	0 
368	0.707675339656288	22833280	1	0 
369	0.709301705357951	22885755	1	0 
370	0.710056636577791	22910113	1	0 
371	0.710540687640746	22925731	1	0 
372	0.713470687342282	23020268	1	0 
373	0.714549713962642	23055083	1	0 
374	0.715695933738623	23092066	1	0 
375	0.716766685187142	23126614	1	0 
376	0.722518642458989	23312202	1	0 
377	0.723181647987145	23333594	1	0 
378	0.723320497312413	23338074	1	0 
379	0.724177303026038	23365719	1	0 
380	0.725225615431813	23399543	1	0 
381	0.730090641645357	23556514	1	0 
382	0.730302541832156	23563351	1	0 
383	0.730508584313045	23569999	1	0 
384	0.730624157780439	23573728	1	0 
385	0.73217003426386	23623606	1	0 
386	0.732545082407849	23635707	1	0 
387	0.732822502120009	23644658	1	0 
388	0.734478838200586	23698100	1	0 
389	0.735627227497274	23735153	1	0 
390	0.736913071427347	23776641	1	0 
391	0.740513019123302	23892794	1	0 
392	0.741407543504082	23921656	1	0 
393	0.745367445678533	24049423	1	0 
394	0.745375503898303	24049683	1	0 
395	0.745543982677803	24055119	1	0 
396	0.746947817541201	24100414	1	0 
397	0.750720180147082	24222130	1	0 
398	0.752286357145693	24272663	1	0 
399	0.755195777393662	24366536	1	0 
400	0.764257493470285	24658914	1	0 
401	0.768526552345529	24796656	1	0 
402	0.769073953413138	24814318	1	0 
403	0.770235607779294	24851799	1	0 
404	0.774152553443741	24978180	1	0 
405	0.777372091180244	25082059	1	0 
406	0.777421835190748	25083664	1	0 
407	0.781379722810257	25211366	1	0 
408	0.781384371783201	25211516	1	0 
409	0.781752632426692	25223398	1	0 
410	0.784046900574678	25297423	1	0 
411	0.787074869632726	25395121	1	0 
412	0.790453123305546	25504121	1	0 
413	0.790922328648233	25519260	1	0 
414	0.792830918000764	25580841	1	0 
415	0.793522530209104	25603156	1	0 
416	0.794818880818031	25644983	1	0 
417	0.797438515085809	25729506	1	0 
418	0.800234128476103	25819707	1	0 
419	0.807025720070896	26038839	1	0 
420	0.810293142228726	26144263	1	0 
421	0.810497449093049	26150855	1	0 
422	0.814688188270759	26286070	1	0 
423	0.818130163866069	26397126	1	0 
424	0.822852342637612	26549488	1	0 
425	0.825013898104617	26619231	1	0 
426	0.825398926043859	26631654	1	0 
427	0.827059198254862	26685223	1	0 
428	0.828478684660506	26731023	1	0 
429	0.8296360309784	26768365	1	0 
430	0.829834573116273	26774771	1	0 
431	0.834819015948178	26935595	1	0 
432	0.837390393876794	27018561	1	0 
433	0.839799181724974	27096281	1	0 
434	0.842419559828423	27180828	1	0 
435	0.844322291475045	27242220	1	0 
436	0.844747455547373	27255938	1	0 
437	0.84684572299603	27323639	1	0 
438	0.84801673729438	27361422	1	0 
439	0.848669886999894	27382496	1	0 
440	0.849687919095226	27415343	1	0 
441	0.850568062653031	27443741	1	0 
442	0.854072489451558	27556812	1	0 
443	0.855255839024787	27594993	1	0 
444	0.856384113765203	27631397	1	0 
445	0.856647028681777	27639880	1	0 
446	0.856940936751312	27649363	1	0 
447	0.85925928657915	27724165	1	0 
448	0.861011484481837	27780700	1	0 
449	0.863410602466293	27858108	1	0 
450	0.86943632225825	28052529	1	0 
451	0.87240884456565	28148438	1	0 
452	0.87468306014367	28221816	1	0 
453	0.87658817826307	28283285	1	0 
454	0.878609489712923	28348503	1	0 
455	0.883743443514715	28514151	1	0 
456	0.883750633926202	28514383	1	0 
457	0.884410013255462	28535658	1	0 
458	0.88682589853567	28613607	1	0 
459	0.889687899259608	28705950	1	0 
460	0.891468641856172	28763406	1	0 
461	0.895054053763389	28879090	1	0 
462	0.895903297147691	28906491	1	0 
463	0.904544374152318	29185297	1	0 
464	0.905923755418029	29229803	1	0 
465	0.908060330403747	29298740	1	0 
466	0.912321486024986	29436227	1	0 
467	0.912706266019005	29448642	1	0 
468	0.917839228039902	29614258	1	0 
469	0.92118909198461	29722342	1	0 
470	0.922669046031682	29770093	1	0 
471	0.927832536308246	29936694	1	0 
472	0.929779712136215	29999520	1	0 
473	0.930174007028193	30012242	1	0 
474	0.932481137334659	30086682	1	0 
475	0.933462566516343	30118348	1	0 
476	0.939914628120441	30326525	1	0 
477	0.944947916161414	30488925	1	0 
478	0.951969817875865	30715488	1	0 
479	0.954664145642281	30802421	1	0 
480	0.955731828768657	30836870	1	0 
481	0.956323426072389	30855958	1	0 
482	0.957706619495914	30900587	1	0 
483	0.959786600984324	30967698	1	0 
484	0.960172992622297	30980165	1	0 
485	0.96019856197349	30980990	1	0 
486	0.961244642872252	31014742	1	0 
487	0.962176173077668	31044798	1	0 
488	0.962390056826256	31051699	1	0 
489	0.967981221620538	31232099	1	0 
490	0.970663245105228	31318635	1	0 
491	0.97213461404893	31366109	1	0 
492	0.972899587050329	31390791	1	0 
493	0.973519729047939	31410800	1	0 
494	0.9735407733988	31411479	1	0 
495	0.976852794703741	31518342	1	0 
496	0.977599946642188	31542449	1	0 
497	0.982502505563968	31700631	1	0 
498	0.983704791953657	31739423	1	0 
499	0.986991708804699	31845476	1	0 
500	0.98799613490588	31877884	1	0 
501	0.990727251544861	31966004	1	0 
502	0.993166846587085	32044718	1	0 
503	0.99434471037224	32082722	1	0 
504	0.99599103566441	32135841	1	0 
505	1	32265191	1	0 

:chr 2   len = 31535491   centromere = 31535491 
 
Num     Position Percentage     Position Abs.   Freq. Pop 1     Freq. Pop 2 
1	0.0017219329167889	54302	1	0 
2	0.00846582664592094	266974	1	0 
3	0.00992151985202958	312880	1	0 
4	0.0172486294885975	543944	1	0 
5	0.0218442135560851	688868	1	0 
6	0.0240931400116776	759789	1	0 
7	0.0255972865619882	807223	1	0 
8	0.0299055118564667	943085	1	0 
9	0.0328195302238992	1034980	1	0 
10	0.0342636808794257	1080522	1	0 
11	0.0366290475705611	1155115	1	0 
12	0.0377614542294585	1190826	1	0 
13	0.0382400895549716	1205920	1	0 
14	0.0396125749239167	1249202	1	0 
15	0.0414168594996666	1306101	1	0 
16	0.0486633615439823	1534623	1	0 
17	0.0495770622375913	1563437	1	0 
18	0.0503058601497595	1586420	1	0 
19	0.0559128126465512	1763238	1	0 
20	0.055966117667234	1764919	1	0 
21	0.0569550034911459	1796104	1	0 
22	0.0606670750742394	1913166	1	0 
23	0.0607654404366179	1916268	1	0 
24	0.0632267625070433	1993887	1	0 
25	0.0705926855554588	2226175	1	0 
26	0.0712029820623373	2245421	1	0 
27	0.0712725227585643	2247614	1	0 
28	0.0725153446952832	2286807	1	0 
29	0.0726512867676612	2291094	1	0 
30	0.0739608588938729	2332392	1	0 
31	0.0759035272353933	2393655	1	0 
32	0.0764065477845263	2409518	1	0 
33	0.0769775235146965	2427524	1	0 
34	0.0792948808058831	2500603	1	0 
35	0.0832268950561131	2624601	1	0 
36	0.0836248276584626	2637150	1	0 
37	0.0859445315121303	2710303	1	0 
38	0.0896130331378065	2825991	1	0 
39	0.0957454887891233	3019381	1	0 
40	0.0959437733187665	3025634	1	0 
41	0.0960789543438534	3029897	1	0 
42	0.0984346811026345	3104186	1	0 
43	0.103792676004315	3273153	1	0 
44	0.107464824314928	3388956	1	0 
45	0.109211205875945	3444029	1	0 
46	0.113535571715056	3580400	1	0 
47	0.117506050563792	3705611	1	0 
48	0.120143681923329	3788790	1	0 
49	0.122939896512155	3876970	1	0 
50	0.123487248065996	3894231	1	0 
51	0.124189123930241	3916365	1	0 
52	0.125441490668403	3955859	1	0 
53	0.12689934017517	4001833	1	0 
54	0.129778382077514	4092625	1	0 
55	0.131571599757239	4149175	1	0 
56	0.133622431945011	4213849	1	0 
57	0.136956136183198	4318979	1	0 
58	0.137438449903951	4334189	1	0 
59	0.142568352590419	4495963	1	0 
60	0.154473732468602	4871405	1	0 
61	0.156249731453365	4927412	1	0 
62	0.164992071948396	5203106	1	0 
63	0.169288405878951	5338593	1	0 
64	0.170743401458376	5384477	1	0 
65	0.170858668412678	5388112	1	0 
66	0.17299451592493	5455467	1	0 
67	0.173547321651025	5472900	1	0 
68	0.177281209923131	5590650	1	0 
69	0.177817177477909	5607552	1	0 
70	0.177900004791427	5610164	1	0 
71	0.177927719596946	5611038	1	0 
72	0.179567300854773	5662743	1	0 
73	0.181844512901353	5734556	1	0 
74	0.184502312014105	5818371	1	0 
75	0.186619291895598	5885131	1	0 
76	0.192729391782738	6077816	1	0 
77	0.194094488650898	6120865	1	0 
78	0.194228179291707	6125081	1	0 
79	0.195488315054299	6164820	1	0 
80	0.198247206615556	6251823	1	0 
81	0.202406012958542	6382973	1	0 
82	0.203852446755942	6428587	1	0 
83	0.205135635909395	6469053	1	0 
84	0.20861213164558	6578686	1	0 
85	0.2141433282266	6753115	1	0 
86	0.215847503373263	6806857	1	0 
87	0.218940938639579	6904410	1	0 
88	0.219034071801831	6907347	1	0 
89	0.219528498858635	6922939	1	0 
90	0.220050640720958	6939405	1	0 
91	0.220453615261611	6952113	1	0 
92	0.222651392997179	7021421	1	0 
93	0.224786035517887	7088738	1	0 
94	0.22954727421241	7238886	1	0 
95	0.230362863226071	7264606	1	0 
96	0.232174219199568	7321728	1	0 
97	0.237418025297275	7487094	1	0 
98	0.239912389504257	7565755	1	0 
99	0.244474328939416	7709618	1	0 
100	0.245090301590674	7729043	1	0 
101	0.246984801980727	7788787	1	0 
102	0.247734211590363	7812420	1	0 
103	0.257648818596165	8125082	1	0 
104	0.259390348480701	8180002	1	0 
105	0.259892386010416	8195834	1	0 
106	0.263226851295894	8300988	1	0 
107	0.272940383265318	8607309	1	0 
108	0.273535363695463	8626072	1	0 
109	0.274169918584746	8646083	1	0 
110	0.275697847862905	8694267	1	0 
111	0.277162293112861	8740449	1	0 
112	0.279514595158832	8814630	1	0 
113	0.280285345802924	8838936	1	0 
114	0.282923072293373	8922118	1	0 
115	0.284150926966699	8960839	1	0 
116	0.285538791832986	9004606	1	0 
117	0.28776209636311	9074719	1	0 
118	0.28810374317622	9085493	1	0 
119	0.290508113541026	9161316	1	0 
120	0.292257697842726	9216490	1	0 
121	0.29303907143859	9241131	1	0 
122	0.294088555653058	9274227	1	0 
123	0.294412825219687	9284453	1	0 
124	0.29722388023069	9373101	1	0 
125	0.300617231550319	9480112	1	0 
126	0.300842533258797	9487217	1	0 
127	0.302933732663303	9553164	1	0 
128	0.305761625845623	9642343	1	0 
129	0.30911153404905	9747984	1	0 
130	0.311587506279829	9826065	1	0 
131	0.315199024489582	9939956	1	0 
132	0.319891198142436	10087926	1	0 
133	0.320762058215615	10115389	1	0 
134	0.321433587319126	10136566	1	0 
135	0.322859219157235	10181524	1	0 
136	0.323137350231839	10190295	1	0 
137	0.324033039472891	10218541	1	0 
138	0.325903598583577	10277530	1	0 
139	0.328300738999117	10353125	1	0 
140	0.334298584410815	10542270	1	0 
141	0.335380888789713	10576401	1	0 
142	0.338999636948732	10690520	1	0 
143	0.341818112170824	10779402	1	0 
144	0.344368318222792	10859824	1	0 
145	0.346952803113165	10941327	1	0 
146	0.360304711919659	11362386	1	0 
147	0.361573789987922	11402407	1	0 
148	0.361898154685462	11412636	1	0 
149	0.363432743127418	11461030	1	0 
150	0.365038552911702	11511670	1	0 
151	0.365243781997877	11518142	1	0 
152	0.369236077535625	11644041	1	0 
153	0.371286307227625	11708696	1	0 
154	0.372387606078497	11743426	1	0 
155	0.374484386496472	11809549	1	0 
156	0.377028377328896	11889775	1	0 
157	0.378343308496449	11931242	1	0 
158	0.379565360184181	11969780	1	0 
159	0.381014774750138	12015488	1	0 
160	0.381096365361808	12018061	1	0 
161	0.384031915025518	12110635	1	0 
162	0.385808357954534	12166656	1	0 
163	0.386111603589746	12176219	1	0 
164	0.386912827835787	12201486	1	0 
165	0.39091159227551	12327589	1	0 
166	0.393530673107325	12410183	1	0 
167	0.394105485784255	12428310	1	0 
168	0.396775239681538	12512502	1	0 
169	0.401673562019377	12666973	1	0 
170	0.407515170764267	12851191	1	0 
171	0.411166168302247	12966327	1	0 
172	0.411729945793455	12984106	1	0 
173	0.413254038124854	13032169	1	0 
174	0.414393103947549	13068090	1	0 
175	0.423954965533912	13369628	1	0 
176	0.424570113717272	13389027	1	0 
177	0.424603568087778	13390082	1	0 
178	0.427576440779057	13483833	1	0 
179	0.430069917097533	13562466	1	0 
180	0.430340120596188	13570987	1	0 
181	0.435224934344609	13725032	1	0 
182	0.435328405065899	13728295	1	0 
183	0.435962896534574	13748304	1	0 
184	0.440242297162901	13883257	1	0 
185	0.445694535087467	14055196	1	0 
186	0.445994831664425	14064666	1	0 
187	0.448911925931326	14156658	1	0 
188	0.449738613551316	14182728	1	0 
189	0.452984924192238	14285102	1	0 
190	0.455012988381884	14349058	1	0 
191	0.45704355768553	14413093	1	0 
192	0.459465368717424	14489466	1	0 
193	0.466867917166725	14722909	1	0 
194	0.467102985648773	14730322	1	0 
195	0.467340908058162	14737825	1	0 
196	0.471259730822013	14861407	1	0 
197	0.474110392002458	14951304	1	0 
198	0.474345523905114	14958719	1	0 
199	0.479900090980033	15133885	1	0 
200	0.482426609435065	15213560	1	0 
201	0.485802361536086	15320016	1	0 
202	0.488371181536384	15401025	1	0 
203	0.491836388404417	15510302	1	0 
204	0.493668134103255	15568067	1	0 
205	0.494072725869402	15580826	1	0 
206	0.500324317132085	15777973	1	0 
207	0.50203737116381	15831995	1	0 
208	0.502076882202341	15833241	1	0 
209	0.502509188774007	15846874	1	0 
210	0.502810626921902	15856380	1	0 
211	0.505383347289567	15937512	1	0 
212	0.506613770497501	15976314	1	0 
213	0.507843083844802	16015081	1	0 
214	0.508071239480622	16022276	1	0 
215	0.513413410940708	16190744	1	0 
216	0.518846749524211	16362087	1	0 
217	0.521309498558307	16439751	1	0 
218	0.521720527516125	16452713	1	0 
219	0.525720528657696	16578855	1	0 
220	0.526194565989158	16593804	1	0 
221	0.528414350675561	16663806	1	0 
222	0.52945115076851	16696502	1	0 
223	0.53062975934004	16733670	1	0 
224	0.53579876083109	16896677	1	0 
225	0.537013994803506	16935000	1	0 
226	0.54514178961095	17191314	1	0 
227	0.545671034581323	17208004	1	0 
228	0.548897082338119	17309739	1	0 
229	0.549533634976541	17329813	1	0 
230	0.550421904006505	17357825	1	0 
231	0.554985365536246	17501736	1	0 
232	0.555620491210998	17521765	1	0 
233	0.560626533450835	17679633	1	0 
234	0.560830462414554	17686064	1	0 
235	0.561154890532702	17696295	1	0 
236	0.562026384811957	17723778	1	0 
237	0.563798863952998	17779674	1	0 
238	0.564007929985932	17786267	1	0 
239	0.573469682143208	18084648	1	0 
240	0.57794362548533	18225736	1	0 
241	0.584245287317708	18424462	1	0 
242	0.588131511889255	18547016	1	0 
243	0.591597321253061	18656312	1	0 
244	0.5939451838565	18730353	1	0 
245	0.594548345545024	18749374	1	0 
246	0.594571906300745	18750117	1	0 
247	0.59759684731086	18845510	1	0 
248	0.600503952832065	18937187	1	0 
249	0.600539753765052	18938316	1	0 
250	0.601368819657826	18964461	1	0 
251	0.606104721819616	19113810	1	0 
252	0.607754260112836	19165829	1	0 
253	0.611061010592795	19270109	1	0 
254	0.619132361059481	19524643	1	0 
255	0.620833238334548	19578281	1	0 
256	0.627856341288614	19799758	1	0 
257	0.629849746116209	19862621	1	0 
258	0.630494701985138	19882960	1	0 
259	0.63098811431222	19898520	1	0 
260	0.6336628467272	19982869	1	0 
261	0.634759547584022	20017454	1	0 
262	0.638466926042154	20134368	1	0 
263	0.63972550799986	20174058	1	0 
264	0.640166217802031	20187956	1	0 
265	0.641318538531713	20224295	1	0 
266	0.641453497584674	20228551	1	0 
267	0.646974261475745	20402651	1	0 
268	0.6470457047902	20404904	1	0 
269	0.647424991733917	20416865	1	0 
270	0.648154614113984	20439874	1	0 
271	0.651138743963111	20533980	1	0 
272	0.651216592758933	20536435	1	0 
273	0.651579992840448	20547895	1	0 
274	0.66117759193919	20850560	1	0 
275	0.663077292819065	20910468	1	0 
276	0.665073678415218	20973425	1	0 
277	0.666165400754344	21007853	1	0 
278	0.668693060780313	21087564	1	0 
279	0.669020881900967	21097902	1	0 
280	0.670383124841785	21140861	1	0 
281	0.671508428392632	21176348	1	0 
282	0.672262657968446	21200133	1	0 
283	0.675899544421236	21314824	1	0 
284	0.67606935309807	21320179	1	0 
285	0.67721130455841	21356191	1	0 
286	0.679016477022666	21413118	1	0 
287	0.679059159091577	21414464	1	0 
288	0.680978615490718	21474995	1	0 
289	0.685816466279215	21627559	1	0 
290	0.688680445787256	21717876	1	0 
291	0.6905130793746	21775669	1	0 
292	0.693626936076562	21873866	1	0 
293	0.693968075524811	21884624	1	0 
294	0.69707146782652	21982491	1	0 
295	0.697980285133344	22011151	1	0 
296	0.699855410527776	22070284	1	0 
297	0.700568194736527	22092762	1	0 
298	0.702655271801539	22158579	1	0 
299	0.706442877328277	22278023	1	0 
300	0.707389112793582	22307863	1	0 
301	0.707452596821784	22309865	1	0 
302	0.707525023155657	22312149	1	0 
303	0.710157136922333	22395154	1	0 
304	0.713011191105285	22485158	1	0 
305	0.713176433498372	22490369	1	0 
306	0.717090055772399	22613787	1	0 
307	0.718542958471774	22659605	1	0 
308	0.719577412002242	22692227	1	0 
309	0.719979498654389	22704907	1	0 
310	0.727549160404701	22943620	1	0 
311	0.728003727609632	22957955	1	0 
312	0.728338271314691	22968505	1	0 
313	0.728372486732488	22969584	1	0 
314	0.728517941896005	22974171	1	0 
315	0.728769499736028	22982104	1	0 
316	0.731672895151688	23073664	1	0 
317	0.736620780694361	23229698	1	0 
318	0.736822775329549	23236068	1	0 
319	0.737878538184168	23269362	1	0 
320	0.738005981895129	23273381	1	0 
321	0.738688673025576	23294910	1	0 
322	0.742073906507433	23401665	1	0 
323	0.743062221545877	23432832	1	0 
324	0.746487124617784	23540838	1	0 
325	0.747041325597245	23558315	1	0 
326	0.747636147475871	23577073	1	0 
327	0.747949540408297	23586956	1	0 
328	0.752374649882572	23726504	1	0 
329	0.753538005797975	23763191	1	0 
330	0.756029072133362	23841748	1	0 
331	0.756381627290978	23852866	1	0 
332	0.757070882454312	23874602	1	0 
333	0.758866541827429	23931229	1	0 
334	0.762079049284503	24032537	1	0 
335	0.767334841877046	24198281	1	0 
336	0.768177860303491	24224866	1	0 
337	0.773286961030669	24385984	1	0 
338	0.774560383410552	24426142	1	0 
339	0.774591649770096	24427128	1	0 
340	0.775815350393625	24465718	1	0 
341	0.779899922915423	24594527	1	0 
342	0.780389815398783	24609976	1	0 
343	0.781675826769274	24650531	1	0 
344	0.781908104744588	24657856	1	0 
345	0.782054289245092	24662466	1	0 
346	0.789378354692496	24893434	1	0 
347	0.791499932568039	24960339	1	0 
348	0.792446580267293	24990192	1	0 
349	0.794307753128055	25048885	1	0 
350	0.794396034613826	25051669	1	0 
351	0.795874559238669	25098295	1	0 
352	0.796801356287746	25127522	1	0 
353	0.797225164497994	25140887	1	0 
354	0.800087399939326	25231149	1	0 
355	0.801810854950697	25285499	1	0 
356	0.803679130919509	25344416	1	0 
357	0.805747942849534	25409657	1	0 
358	0.80793325843571	25478572	1	0 
359	0.809269689189238	25520717	1	0 
360	0.809311451659338	25522034	1	0 
361	0.811995665455153	25606682	1	0 
362	0.812201148223758	25613162	1	0 
363	0.813023586663039	25639098	1	0 
364	0.817144182089951	25769043	1	0 
365	0.81852564147487	25812608	1	0 
366	0.819889596772094	25855621	1	0 
367	0.821026823397169	25891484	1	0 
368	0.828576539366392	26129568	1	0 
369	0.828773714035402	26135786	1	0 
370	0.829555912099165	26160453	1	0 
371	0.829688651430859	26164639	1	0 
372	0.829741988161846	26166321	1	0 
373	0.831806297228732	26231420	1	0 
374	0.835336446798942	26342745	1	0 
375	0.836093244909363	26366611	1	0 
376	0.838567251101307	26444630	1	0 
377	0.838887112935708	26454717	1	0 
378	0.843506352889828	26600387	1	0 
379	0.844852740678748	26642846	1	0 
380	0.845066848649986	26649598	1	0 
381	0.847999734648178	26742088	1	0 
382	0.849942815223648	26803364	1	0 
383	0.850758118844574	26829075	1	0 
384	0.854686391278956	26952955	1	0 
385	0.855569808632439	26980814	1	0 
386	0.856864064681917	27021629	1	0 
387	0.857107346132648	27029301	1	0 
388	0.857474868553656	27040891	1	0 
389	0.858890067701816	27085520	1	0 
390	0.860487823068935	27135906	1	0 
391	0.861437261274924	27165847	1	0 
392	0.861641443921073	27172286	1	0 
393	0.863212023557838	27221815	1	0 
394	0.865897854579147	27306514	1	0 
395	0.866061638298259	27311679	1	0 
396	0.869101514861462	27407543	1	0 
397	0.869391156776344	27416677	1	0 
398	0.86951755404728	27420663	1	0 
399	0.872922289365972	27528033	1	0 
400	0.873562710661458	27548229	1	0 
401	0.874095094951907	27565018	1	0 
402	0.874331431846106	27572471	1	0 
403	0.87629207992988	27634301	1	0 
404	0.878619679649193	27707703	1	0 
405	0.879001186314175	27719734	1	0 
406	0.880370215260007	27762907	1	0 
407	0.884640451610536	27897571	1	0 
408	0.88560939165336	27928127	1	0 
409	0.886107814208442	27943845	1	0 
410	0.886459988842413	27954951	1	0 
411	0.886761205018181	27964450	1	0 
412	0.887033628238102	27973041	1	0 
413	0.887325902108199	27982258	1	0 
414	0.895556628561769	28241818	1	0 
415	0.895588719389211	28242830	1	0 
416	0.896004156079257	28255931	1	0 
417	0.897077676704003	28289785	1	0 
418	0.89747449944572	28302299	1	0 
419	0.897744385841337	28310810	1	0 
420	0.899507922676707	28366424	1	0 
421	0.902011609713006	28445379	1	0 
422	0.904199937778042	28514389	1	0 
423	0.907153498894309	28607531	1	0 
424	0.910493132959306	28712848	1	0 
425	0.912282228299537	28769268	1	0 
426	0.914412558218929	28836449	1	0 
427	0.916144099357768	28891054	1	0 
428	0.916593941727433	28905240	1	0 
429	0.917390250876386	28930352	1	0 
430	0.920101576981947	29015855	1	0 
431	0.920607261196599	29031802	1	0 
432	0.922020430885316	29076367	1	0 
433	0.922876926190875	29103377	1	0 
434	0.923811016609825	29132834	1	0 
435	0.92505948298062	29172205	1	0 
436	0.926275985365187	29210568	1	0 
437	0.927000438965735	29233414	1	0 
438	0.932958234263738	29421296	1	0 
439	0.933031770458243	29423615	1	0 
440	0.934559541184883	29471794	1	0 
441	0.938001916634182	29580351	1	0 
442	0.944535919862481	29786404	1	0 
443	0.945070523874196	29803263	1	0 
444	0.946890885573971	29860669	1	0 
445	0.94770152778024	29886233	1	0 
446	0.95581175507938	30141993	1	0 
447	0.958253448471755	30218993	1	0 
448	0.961555410695841	30323122	1	0 
449	0.962089317080872	30339959	1	0 
450	0.963273950610124	30377317	1	0 
451	0.969366800091998	30569458	1	0 
452	0.969662942619159	30578797	1	0 
453	0.971381736215872	30633000	1	0 
454	0.97585130353607	30773950	1	0 
455	0.980780226317072	30929386	1	0 
456	0.984321791596649	31041071	1	0 
457	0.985297771326915	31071849	1	0 
458	0.985300783805776	31071944	1	0 
459	0.986023747022046	31094743	1	0 
460	0.988238743452575	31164594	1	0 
461	0.989043804645376	31189982	1	0 
462	0.990728065721254	31243096	1	0 
463	0.991438535077827	31265501	1	0 
464	0.994306700345969	31355950	1	0 
465	0.994455770484119	31360651	1	0 
466	0.996099378950529	31412483	1	0 
467	0.997726180955927	31463785	1	0 
468	1	31535491	1	0 

:chr 3   len = 33395476   centromere = 33395476 
 
Num     Position Percentage     Position Abs.   Freq. Pop 1     Freq. Pop 2 
1	0.0022660853823434	75677	1	0 
2	0.00912920061387956	304874	1	0 
3	0.00956692457385545	319492	1	0 
4	0.0126517136632519	422510	1	0 
5	0.0239397695663928	799480	1	0 
6	0.0251671513830197	840469	1	0 
7	0.0316856390967447	1058157	1	0 
8	0.0319812180548048	1068028	1	0 
9	0.032529076692903	1086324	1	0 
10	0.0403951122002274	1349014	1	0 
11	0.0406440680767658	1357328	1	0 
12	0.0408642476004834	1364681	1	0 
13	0.0410984110542398	1372501	1	0 
14	0.0442677325515588	1478342	1	0 
15	0.0443837961764641	1482218	1	0 
16	0.0445263304526637	1486978	1	0 
17	0.045006215811986	1503004	1	0 
18	0.0506288636221265	1690775	1	0 
19	0.0509795698075991	1702487	1	0 
20	0.0551288144537901	1841053	1	0 
21	0.0634743759903287	2119757	1	0 
22	0.0644931067908719	2153778	1	0 
23	0.0662095069404011	2211098	1	0 
24	0.0677209392074543	2261573	1	0 
25	0.0721322552791282	2408891	1	0 
26	0.0726913130389278	2427561	1	0 
27	0.0734612376838108	2453273	1	0 
28	0.0742249638843297	2478778	1	0 
29	0.0765704612205557	2557107	1	0 
30	0.0769227544473389	2568872	1	0 
31	0.077129908254639	2575790	1	0 
32	0.0789524904511018	2636656	1	0 
33	0.0790610380879135	2640281	1	0 
34	0.0805032394208126	2688444	1	0 
35	0.0910031646202617	3039094	1	0 
36	0.0911731577055527	3044771	1	0 
37	0.0937662634304119	3131369	1	0 
38	0.0949660367170691	3171436	1	0 
39	0.0982893611098701	3282420	1	0 
40	0.100492084616491	3355981	1	0 
41	0.100749155364637	3364566	1	0 
42	0.103869098916272	3468758	1	0 
43	0.103926501901036	3470675	1	0 
44	0.104629920531751	3494166	1	0 
45	0.105379033974542	3519183	1	0 
46	0.107080462036235	3576003	1	0 
47	0.107164275783942	3578802	1	0 
48	0.109586759595821	3659702	1	0 
49	0.111004316872142	3707042	1	0 
50	0.113120890985354	3777726	1	0 
51	0.113281571432011	3783092	1	0 
52	0.116747010882552	3898822	1	0 
53	0.119986791025227	4007016	1	0 
54	0.120485421438521	4023668	1	0 
55	0.120503717329856	4024279	1	0 
56	0.120841188189682	4035549	1	0 
57	0.121986493020791	4073797	1	0 
58	0.123029059385169	4108614	1	0 
59	0.123112004751781	4111384	1	0 
60	0.124727822415228	4165345	1	0 
61	0.130668207873426	4363727	1	0 
62	0.132292529682763	4417972	1	0 
63	0.138520708613346	4625965	1	0 
64	0.14739774932389	4922418	1	0 
65	0.148037446748775	4943781	1	0 
66	0.148735625148748	4967097	1	0 
67	0.149516060199292	4993160	1	0 
68	0.149726447977564	5000186	1	0 
69	0.15198684396653	5075673	1	0 
70	0.157024711969969	5243915	1	0 
71	0.15861579574431	5297050	1	0 
72	0.161433243233305	5391140	1	0 
73	0.161482052239651	5392770	1	0 
74	0.16246565852213	5425618	1	0 
75	0.163538678113167	5461452	1	0 
76	0.16406021582085	5478869	1	0 
77	0.166052162274914	5545391	1	0 
78	0.168257850254927	5619051	1	0 
79	0.170486205975923	5693468	1	0 
80	0.176244620678561	5885773	1	0 
81	0.176314360663702	5888102	1	0 
82	0.176550440544701	5895986	1	0 
83	0.176669348866296	5899957	1	0 
84	0.177462480247325	5926444	1	0 
85	0.184384855002516	6157620	1	0 
86	0.187331302000307	6256018	1	0 
87	0.189542080490184	6329848	1	0 
88	0.194363212550107	6490852	1	0 
89	0.196971559860383	6577959	1	0 
90	0.197263934791647	6587723	1	0 
91	0.197866770936279	6607855	1	0 
92	0.198253440076734	6620768	1	0 
93	0.198314106976646	6622794	1	0 
94	0.198798034799684	6638955	1	0 
95	0.199634046240275	6666874	1	0 
96	0.206258716000934	6888108	1	0 
97	0.208363492108931	6958398	1	0 
98	0.208939947434796	6977649	1	0 
99	0.208979743244265	6978978	1	0 
100	0.211239779903122	7054453	1	0 
101	0.211600697052499	7066506	1	0 
102	0.213785933160527	7139483	1	0 
103	0.214121787034867	7150699	1	0 
104	0.215798870481738	7206706	1	0 
105	0.217848878692431	7275167	1	0 
106	0.222427013766775	7428056	1	0 
107	0.222431984499936	7428222	1	0 
108	0.222499059453442	7430462	1	0 
109	0.222873691035277	7442973	1	0 
110	0.224133083175697	7485031	1	0 
111	0.226597279224288	7567324	1	0 
112	0.227462126906052	7596206	1	0 
113	0.229247218994573	7655820	1	0 
114	0.230054513970695	7682780	1	0 
115	0.23471649273692	7838469	1	0 
116	0.234931941080882	7845664	1	0 
117	0.236286046648953	7890885	1	0 
118	0.239611377301524	8001936	1	0 
119	0.240148066762097	8019859	1	0 
120	0.243016898456545	8115665	1	0 
121	0.248136633836272	8286641	1	0 
122	0.248206643318993	8288979	1	0 
123	0.248393884249471	8295232	1	0 
124	0.249546016352634	8333708	1	0 
125	0.254863832454432	8511299	1	0 
126	0.256743368473023	8574067	1	0 
127	0.259100663814464	8652790	1	0 
128	0.265811692577761	8876908	1	0 
129	0.266087029273067	8886103	1	0 
130	0.26789293256368	8946412	1	0 
131	0.272147011768899	9088479	1	0 
132	0.279189492612712	9323666	1	0 
133	0.279328912694642	9328322	1	0 
134	0.279504175954851	9334175	1	0 
135	0.281735855479347	9408703	1	0 
136	0.281871233097561	9413224	1	0 
137	0.282815133403099	9444746	1	0 
138	0.28294838498484	9449196	1	0 
139	0.28303010264025	9451925	1	0 
140	0.283207821322864	9457860	1	0 
141	0.283945256537143	9482487	1	0 
142	0.286441283244473	9565843	1	0 
143	0.287253459121229	9592966	1	0 
144	0.287905343825613	9614736	1	0 
145	0.289009535303524	9651611	1	0 
146	0.289335238102311	9662488	1	0 
147	0.290371695854852	9697101	1	0 
148	0.293121978557814	9788948	1	0 
149	0.295094281632638	9854814	1	0 
150	0.295416391130344	9865571	1	0 
151	0.300835777876021	10046554	1	0 
152	0.304737863296214	10176866	1	0 
153	0.304892644740264	10182035	1	0 
154	0.305480688462114	10201673	1	0 
155	0.306559996330042	10237717	1	0 
156	0.307937608076016	10283723	1	0 
157	0.309515965575697	10336433	1	0 
158	0.314135932663454	10490719	1	0 
159	0.315537379973263	10537521	1	0 
160	0.319445993223753	10668051	1	0 
161	0.320983566756168	10719399	1	0 
162	0.325677705567065	10876162	1	0 
163	0.32569150983205	10876623	1	0 
164	0.330075516815511	11023029	1	0 
165	0.336278782191935	11230190	1	0 
166	0.337120153639972	11258288	1	0 
167	0.340883657415154	11383972	1	0 
168	0.343995006988372	11487877	1	0 
169	0.346353350375961	11566635	1	0 
170	0.346533853866913	11572663	1	0 
171	0.350306281006445	11698645	1	0 
172	0.351522613422249	11739265	1	0 
173	0.353670838529147	11811006	1	0 
174	0.354495381350456	11838542	1	0 
175	0.361776726883605	12081706	1	0 
176	0.361968010277799	12088094	1	0 
177	0.364838908120369	12183969	1	0 
178	0.364955690405491	12187869	1	0 
179	0.371037292596159	12390967	1	0 
180	0.375175338120648	12529159	1	0 
181	0.385748147443684	12882243	1	0 
182	0.388653660753331	12979274	1	0 
183	0.393550162303421	13142795	1	0 
184	0.394829706874069	13185526	1	0 
185	0.395483028898884	13207344	1	0 
186	0.399779239559274	13350818	1	0 
187	0.401233029288159	13399368	1	0 
188	0.401353554595239	13403393	1	0 
189	0.401755016158476	13416800	1	0 
190	0.401946149831792	13423183	1	0 
191	0.402766740021912	13450587	1	0 
192	0.403008389519586	13458657	1	0 
193	0.403547504458388	13476661	1	0 
194	0.404324915147189	13502623	1	0 
195	0.406108000975941	13562170	1	0 
196	0.406498293361652	13575204	1	0 
197	0.411781344275494	13751634	1	0 
198	0.418590470158293	13979028	1	0 
199	0.419383841092728	14005523	1	0 
200	0.422567745403599	14111851	1	0 
201	0.423588033301277	14145924	1	0 
202	0.429542672187095	14344782	1	0 
203	0.431178522504066	14399412	1	0 
204	0.431717427833638	14417409	1	0 
205	0.431848762988136	14421795	1	0 
206	0.434216778344468	14500876	1	0 
207	0.434423482989133	14507779	1	0 
208	0.438138057981267	14631829	1	0 
209	0.438865970947682	14656138	1	0 
210	0.441429042664342	14741733	1	0 
211	0.445712706715125	14884788	1	0 
212	0.449820418789659	15021967	1	0 
213	0.450649183739738	15049644	1	0 
214	0.451426714205241	15075610	1	0 
215	0.451579489389521	15080712	1	0 
216	0.45251542454433	15111968	1	0 
217	0.452978181835168	15127422	1	0 
218	0.457804524181659	15288600	1	0 
219	0.458629905439887	15316164	1	0 
220	0.459791350181683	15354951	1	0 
221	0.462813136725465	15455865	1	0 
222	0.464952438468013	15527308	1	0 
223	0.465553777403862	15547390	1	0 
224	0.466667221632056	15584574	1	0 
225	0.472282503174981	15772099	1	0 
226	0.472907168623678	15792960	1	0 
227	0.472962954622956	15794823	1	0 
228	0.473167353566094	15801649	1	0 
229	0.475061652063291	15864910	1	0 
230	0.48073634285075	16054419	1	0 
231	0.483836223804685	16157941	1	0 
232	0.486833486068592	16258036	1	0 
233	0.490102162340791	16367195	1	0 
234	0.493646923912688	16485574	1	0 
235	0.493865097176636	16492860	1	0 
236	0.494698653194822	16520697	1	0 
237	0.494721620377563	16521464	1	0 
238	0.495713072034068	16554574	1	0 
239	0.496421641062999	16578237	1	0 
240	0.498182358592523	16637037	1	0 
241	0.506660093720479	16920155	1	0 
242	0.507862831480527	16960321	1	0 
243	0.509373425310662	17010768	1	0 
244	0.509442895798221	17013088	1	0 
245	0.512692497630517	17121610	1	0 
246	0.514428091996653	17179571	1	0 
247	0.516677558361498	17254693	1	0 
248	0.516921693225753	17262846	1	0 
249	0.51948105186463	17348317	1	0 
250	0.52221252962527	17439536	1	0 
251	0.525352445942079	17544395	1	0 
252	0.528616301201995	17653393	1	0 
253	0.531506513037874	17749913	1	0 
254	0.541350091850764	18078644	1	0 
255	0.541443128404578	18081751	1	0 
256	0.541829438214925	18094652	1	0 
257	0.54230632915668	18110578	1	0 
258	0.54232127130034	18111077	1	0 
259	0.543359076540787	18145735	1	0 
260	0.545016786105998	18201095	1	0 
261	0.546075911599523	18236465	1	0 
262	0.547424956601906	18281517	1	0 
263	0.549338868534169	18345433	1	0 
264	0.549374112828935	18346610	1	0 
265	0.549773568132402	18359950	1	0 
266	0.553228437288931	18475327	1	0 
267	0.554337030560666	18512349	1	0 
268	0.554974362395673	18533633	1	0 
269	0.557222451328437	18608709	1	0 
270	0.558271665299815	18643748	1	0 
271	0.559041170726238	18669446	1	0 
272	0.561243295349346	18742987	1	0 
273	0.562933284735933	18799425	1	0 
274	0.569614878374544	19022560	1	0 
275	0.573776400132761	19161536	1	0 
276	0.574392950709851	19182126	1	0 
277	0.577277413264	19278454	1	0 
278	0.578910269163404	19332984	1	0 
279	0.578913353413498	19333087	1	0 
280	0.578967821869046	19334906	1	0 
281	0.583206569656321	19476461	1	0 
282	0.589544913209202	19688133	1	0 
283	0.593979735458779	19836236	1	0 
284	0.59718412158581	19943248	1	0 
285	0.597408403461595	19950738	1	0 
286	0.601135105844876	20075193	1	0 
287	0.602304366016523	20114241	1	0 
288	0.603531957442379	20155237	1	0 
289	0.607396043703644	20284280	1	0 
290	0.607686202765908	20293970	1	0 
291	0.609795350723553	20364406	1	0 
292	0.615491182099036	20554621	1	0 
293	0.615506333851927	20555127	1	0 
294	0.61562856597702	20559209	1	0 
295	0.616703382218598	20595103	1	0 
296	0.617083433696229	20607795	1	0 
297	0.617166678504597	20610575	1	0 
298	0.620117287742807	20709112	1	0 
299	0.625158958656556	20877481	1	0 
300	0.627864654481942	20967839	1	0 
301	0.630521571245159	21056568	1	0 
302	0.630594664977975	21059009	1	0 
303	0.633849237543432	21167697	1	0 
304	0.635913319516691	21236628	1	0 
305	0.638313794359452	21316793	1	0 
306	0.638564217500598	21325156	1	0 
307	0.639255927958625	21348256	1	0 
308	0.644259449992568	21515351	1	0 
309	0.646220194615582	21580831	1	0 
310	0.647596848147935	21626805	1	0 
311	0.658694638758855	21997421	1	0 
312	0.66301516408989	22141707	1	0 
313	0.664012574637355	22175016	1	0 
314	0.66442352850428	22188740	1	0 
315	0.665488942274696	22224320	1	0 
316	0.665774939096541	22233871	1	0 
317	0.666428321009708	22255691	1	0 
318	0.668353342231145	22319978	1	0 
319	0.679776146924811	22701448	1	0 
320	0.683593819713784	22828941	1	0 
321	0.685292283302086	22885662	1	0 
322	0.689279769511295	23018826	1	0 
323	0.689655329362576	23031368	1	0 
324	0.690228999880104	23050526	1	0 
325	0.691882367539843	23105741	1	0 
326	0.692079549936644	23112326	1	0 
327	0.692345963267599	23121223	1	0 
328	0.69305605944949	23144937	1	0 
329	0.69353831039869	23161042	1	0 
330	0.694710055936918	23200173	1	0 
331	0.695743818713649	23234696	1	0 
332	0.695749567995378	23234888	1	0 
333	0.700085394800182	23379685	1	0 
334	0.700510871592308	23393894	1	0 
335	0.704006285162697	23510625	1	0 
336	0.706273208981959	23586330	1	0 
337	0.706909193329061	23607569	1	0 
338	0.709823390449652	23704890	1	0 
339	0.711294278302846	23754011	1	0 
340	0.711418726296939	23758167	1	0 
341	0.712095165225374	23780757	1	0 
342	0.712227638258547	23785181	1	0 
343	0.715156687690273	23882998	1	0 
344	0.715985243031122	23910668	1	0 
345	0.716092922286839	23914264	1	0 
346	0.716618771955818	23931825	1	0 
347	0.717569020426599	23963559	1	0 
348	0.718491390869829	23994362	1	0 
349	0.71939417782217	24024511	1	0 
350	0.721256585772276	24086707	1	0 
351	0.725403524716941	24225196	1	0 
352	0.727057760757775	24280440	1	0 
353	0.72798728785899	24311482	1	0 
354	0.728082480393452	24314661	1	0 
355	0.732914332468266	24476023	1	0 
356	0.734744250987769	24537134	1	0 
357	0.735500910362829	24562403	1	0 
358	0.737064535328079	24614621	1	0 
359	0.73819121488192	24652247	1	0 
360	0.740300602392971	24722691	1	0 
361	0.742039161232497	24780751	1	0 
362	0.743127871571587	24817109	1	0 
363	0.744571869555026	24865332	1	0 
364	0.745764037021062	24905145	1	0 
365	0.746533602335837	24930845	1	0 
366	0.746733000601638	24937504	1	0 
367	0.747889324889395	24976120	1	0 
368	0.750238894633513	25054585	1	0 
369	0.750378135050388	25059235	1	0 
370	0.754284053325067	25189675	1	0 
371	0.75454232184024	25198300	1	0 
372	0.755366056168806	25225809	1	0 
373	0.75929739704863	25357098	1	0 
374	0.759509162258984	25364170	1	0 
375	0.759534105757319	25365003	1	0 
376	0.764141915509754	25518883	1	0 
377	0.76840833171535	25661362	1	0 
378	0.769966237343046	25713389	1	0 
379	0.772352129372254	25793067	1	0 
380	0.773452547884031	25829816	1	0 
381	0.778749433007034	26006708	1	0 
382	0.77877533471899	26007573	1	0 
383	0.778782431488624	26007810	1	0 
384	0.778870407476749	26010748	1	0 
385	0.779187067134482	26021323	1	0 
386	0.779386225846878	26027974	1	0 
387	0.780518834347503	26065798	1	0 
388	0.781238991772419	26089848	1	0 
389	0.783927559529321	26179634	1	0 
390	0.786948178250252	26280509	1	0 
391	0.787155421890079	26287430	1	0 
392	0.790009071887462	26382729	1	0 
393	0.794621253489544	26536755	1	0 
394	0.796589334435598	26602480	1	0 
395	0.796876049917659	26612055	1	0 
396	0.79944361326067	26697800	1	0 
397	0.800254531482049	26724881	1	0 
398	0.800969089346114	26748744	1	0 
399	0.802001115360655	26783209	1	0 
400	0.802958011438436	26815165	1	0 
401	0.805083239418417	26886138	1	0 
402	0.805602830754681	26903490	1	0 
403	0.81197495133772	27116290	1	0 
404	0.816645434249837	27272263	1	0 
405	0.817548969806569	27302437	1	0 
406	0.818043198426038	27318942	1	0 
407	0.818252717823217	27325939	1	0 
408	0.820010231325944	27384632	1	0 
409	0.821447761367438	27432639	1	0 
410	0.822595012569966	27470952	1	0 
411	0.824544198741171	27536046	1	0 
412	0.825338258391646	27562564	1	0 
413	0.826221491797272	27592060	1	0 
414	0.827953702471556	27649908	1	0 
415	0.829415577127872	27698728	1	0 
416	0.830465000708479	27733774	1	0 
417	0.832167177374564	27790619	1	0 
418	0.836684705437347	27941484	1	0 
419	0.836733544387869	27943115	1	0 
420	0.840529866979587	28069895	1	0 
421	0.841102998501953	28089035	1	0 
422	0.841166210656797	28091146	1	0 
423	0.841537338770078	28103540	1	0 
424	0.842028662804507	28119948	1	0 
425	0.84606040650536	28254590	1	0 
426	0.849291862167199	28362506	1	0 
427	0.851213439808434	28426678	1	0 
428	0.851546149544328	28437789	1	0 
429	0.853083363746634	28489125	1	0 
430	0.853115943009766	28490213	1	0 
431	0.853359299325454	28498340	1	0 
432	0.854292599392804	28529508	1	0 
433	0.854345091532757	28531261	1	0 
434	0.85565760464082	28575093	1	0 
435	0.861044561844245	28754993	1	0 
436	0.861096305379807	28756721	1	0 
437	0.86144437647782	28768345	1	0 
438	0.864511528447745	28870774	1	0 
439	0.864871187941744	28882785	1	0 
440	0.866257034336028	28929066	1	0 
441	0.872895208919915	29150751	1	0 
442	0.875767574027093	29246675	1	0 
443	0.879214657697947	29361792	1	0 
444	0.883074521830442	29490694	1	0 
445	0.88330521175982	29498398	1	0 
446	0.884664767167864	29543801	1	0 
447	0.885781475311207	29581094	1	0 
448	0.88724655399432	29630021	1	0 
449	0.890610362912629	29742357	1	0 
450	0.891740066828213	29780084	1	0 
451	0.892565837360725	29807661	1	0 
452	0.89321757234423	29829426	1	0 
453	0.897364870619002	29967927	1	0 
454	0.899456411401353	30037775	1	0 
455	0.899698809503419	30045870	1	0 
456	0.903850719181245	30184525	1	0 
457	0.904509131715925	30206513	1	0 
458	0.905120711559853	30226937	1	0 
459	0.908313299681669	30333555	1	0 
460	0.913863302921629	30518900	1	0 
461	0.919915380155084	30721012	1	0 
462	0.92585633455262	30919413	1	0 
463	0.925986651605146	30923765	1	0 
464	0.926984661036124	30957094	1	0 
465	0.929053294524085	31026177	1	0 
466	0.931633374532526	31112340	1	0 
467	0.936319727857749	31268843	1	0 
468	0.937032489071274	31292646	1	0 
469	0.941746241317237	31450064	1	0 
470	0.943416647212934	31505848	1	0 
471	0.949407578439666	31705918	1	0 
472	0.953168207573984	31831506	1	0 
473	0.953843119349459	31854045	1	0 
474	0.956674011773331	31948584	1	0 
475	0.957276518532031	31968705	1	0 
476	0.963267090428656	32168763	1	0 
477	0.964080314351561	32195921	1	0 
478	0.964112115066124	32196983	1	0 
479	0.972299062304128	32470390	1	0 
480	0.97697068309492	32626401	1	0 
481	0.980338414700243	32738868	1	0 
482	0.980661033248935	32749642	1	0 
483	0.98240935388973	32808028	1	0 
484	0.984640913637524	32882552	1	0 
485	0.987011294583733	32961712	1	0 
486	0.988423372075906	33008869	1	0 
487	0.990160074376541	33066867	1	0 
488	0.995306609793494	33238738	1	0 
489	1	33395476	1	0 

:chr 4   len = 35293739   centromere = 35293739 
 
Num     Position Percentage     Position Abs.   Freq. Pop 1     Freq. Pop 2 
1	0.00292448470818011	103216	1	0 
2	0.00534055062854066	188488	1	0 
3	0.00622246342332843	219614	1	0 
4	0.0090886091722954	320771	1	0 
5	0.0112659925319899	397619	1	0 
6	0.0125507529819949	442963	1	0 
7	0.0143473039226589	506370	1	0 
8	0.0148009537895659	522381	1	0 
9	0.0178043476776433	628382	1	0 
10	0.0201862715650501	712449	1	0 
11	0.0229969117185346	811647	1	0 
12	0.0246808647845444	871080	1	0 
13	0.0263612194786163	930386	1	0 
14	0.0284133398277808	1002813	1	0 
15	0.0314172437213297	1108832	1	0 
16	0.0321103978243847	1133296	1	0 
17	0.0347324776215974	1225839	1	0 
18	0.0373979078838884	1319912	1	0 
19	0.0423423259292533	1494419	1	0 
20	0.0454674127895602	1604715	1	0 
21	0.0460024651964474	1623599	1	0 
22	0.0553315986158338	1952859	1	0 
23	0.0560693498640085	1978897	1	0 
24	0.0580626779157629	2049249	1	0 
25	0.0604839005581132	2134703	1	0 
26	0.0630262211663094	2224431	1	0 
27	0.0636239475789176	2245527	1	0 
28	0.063882010347501	2254635	1	0 
29	0.064138373097846	2263683	1	0 
30	0.0660393334919828	2330775	1	0 
31	0.0671723106469394	2370762	1	0 
32	0.069063722605304	2437517	1	0 
33	0.0696173902119013	2457058	1	0 
34	0.0699926409043825	2470302	1	0 
35	0.0705126481498602	2488655	1	0 
36	0.074322644024766	2623124	1	0 
37	0.0760063987553146	2682550	1	0 
38	0.0763222621440024	2693698	1	0 
39	0.0771222907269757	2721934	1	0 
40	0.0799986082517355	2823450	1	0 
41	0.0820897723531077	2897255	1	0 
42	0.0832618215939093	2938621	1	0 
43	0.0871072628490849	3074341	1	0 
44	0.0910354099915569	3212980	1	0 
45	0.0911986117424397	3218740	1	0 
46	0.0946296452183771	3339834	1	0 
47	0.0954148553090394	3367547	1	0 
48	0.0963675171961803	3401170	1	0 
49	0.097549199873666	3442876	1	0 
50	0.100295494336828	3539803	1	0 
51	0.100385396968	3542976	1	0 
52	0.102035264668331	3601206	1	0 
53	0.102050848168849	3601756	1	0 
54	0.102869888622455	3630663	1	0 
55	0.105279324471686	3715701	1	0 
56	0.107866213891365	3807002	1	0 
57	0.112522167175317	3971328	1	0 
58	0.112881041025435	3983994	1	0 
59	0.116831713409565	4123428	1	0 
60	0.119986182251759	4234761	1	0 
61	0.12417842722756	4382721	1	0 
62	0.124863817913993	4406911	1	0 
63	0.126230944247647	4455162	1	0 
64	0.128170976727629	4523633	1	0 
65	0.12950478270381	4570708	1	0 
66	0.13153423614313	4642335	1	0 
67	0.131734356623423	4649398	1	0 
68	0.136416036850049	4814632	1	0 
69	0.136568046814196	4819997	1	0 
70	0.136594680433263	4820937	1	0 
71	0.142362757315115	5024514	1	0 
72	0.14274038803313	5037842	1	0 
73	0.14509839833065	5121065	1	0 
74	0.147237956284541	5196578	1	0 
75	0.14888700230939	5254779	1	0 
76	0.149757524981981	5285503	1	0 
77	0.150030321241963	5295131	1	0 
78	0.150563135291503	5313936	1	0 
79	0.151518687209649	5347661	1	0 
80	0.152381474799255	5378112	1	0 
81	0.153345498474956	5412136	1	0 
82	0.156390061138039	5519590	1	0 
83	0.159327664320292	5623269	1	0 
84	0.162361035196639	5730328	1	0 
85	0.163014493873828	5753391	1	0 
86	0.168205244561932	5936592	1	0 
87	0.170282893518309	6009920	1	0 
88	0.170492562434374	6017320	1	0 
89	0.17049786082455	6017507	1	0 
90	0.171536203630905	6054154	1	0 
91	0.173272460591381	6115433	1	0 
92	0.174552404323044	6160607	1	0 
93	0.176294328010982	6222086	1	0 
94	0.183434319611192	6474083	1	0 
95	0.183555814247961	6478371	1	0 
96	0.18387292431669	6489563	1	0 
97	0.18527164265594	6538929	1	0 
98	0.187545643718848	6619187	1	0 
99	0.188858029465226	6665506	1	0 
100	0.189200951477541	6677609	1	0 
101	0.190444628153452	6721503	1	0 
102	0.190752416455508	6732366	1	0 
103	0.193399259851726	6825783	1	0 
104	0.196672276632408	6941300	1	0 
105	0.199024931872477	7024334	1	0 
106	0.203999156904288	7199893	1	0 
107	0.207019834311122	7306504	1	0 
108	0.207865706719257	7336358	1	0 
109	0.20932939408885	7388017	1	0 
110	0.211698426171282	7471629	1	0 
111	0.213264907977021	7526916	1	0 
112	0.217112672590456	7662718	1	0 
113	0.224666108626235	7929307	1	0 
114	0.225628262281874	7963265	1	0 
115	0.226751917670157	8002923	1	0 
116	0.228233455231252	8055212	1	0 
117	0.232849826423888	8218141	1	0 
118	0.23314418458186	8228530	1	0 
119	0.241781778915518	8533383	1	0 
120	0.245183827080492	8653454	1	0 
121	0.249035218399501	8789384	1	0 
122	0.251779841178063	8886252	1	0 
123	0.251899125791121	8890462	1	0 
124	0.254076594151728	8967313	1	0 
125	0.255265841910374	9009286	1	0 
126	0.257484790715996	9087601	1	0 
127	0.25944394840116	9156747	1	0 
128	0.262185539480529	9253508	1	0 
129	0.262710165108888	9272024	1	0 
130	0.262761533993324	9273837	1	0 
131	0.262825483012724	9276094	1	0 
132	0.263042008669016	9283736	1	0 
133	0.263354528688502	9294766	1	0 
134	0.264323964088928	9328981	1	0 
135	0.267109273970661	9427285	1	0 
136	0.269621532589675	9515952	1	0 
137	0.271414456824764	9579231	1	0 
138	0.271627554110943	9586752	1	0 
139	0.273377977890073	9648531	1	0 
140	0.275944297089067	9739106	1	0 
141	0.279924521456908	9879583	1	0 
142	0.284011421969205	10023825	1	0 
143	0.284518452408797	10041720	1	0 
144	0.28657332112078	10114244	1	0 
145	0.287449198850822	10145157	1	0 
146	0.287451097204521	10145224	1	0 
147	0.288042080211451	10166082	1	0 
148	0.289203759340998	10207082	1	0 
149	0.289220901191568	10207687	1	0 
150	0.293245241032694	10349721	1	0 
151	0.293466441739142	10357528	1	0 
152	0.293567904494335	10361109	1	0 
153	0.294323987605847	10387794	1	0 
154	0.294986399712425	10411173	1	0 
155	0.295051878748239	10413484	1	0 
156	0.295131921273629	10416309	1	0 
157	0.299482947952893	10569873	1	0 
158	0.300361432377567	10600878	1	0 
159	0.301063568243648	10625659	1	0 
160	0.301066146604643	10625750	1	0 
161	0.302032663640426	10659862	1	0 
162	0.303417073492837	10708723	1	0 
163	0.304307684714277	10740156	1	0 
164	0.306779964571053	10827412	1	0 
165	0.307966293965057	10869282	1	0 
166	0.311519502085058	10994688	1	0 
167	0.313573804124295	11067192	1	0 
168	0.314684567707604	11106395	1	0 
169	0.314852076171357	11112307	1	0 
170	0.316157803512969	11158391	1	0 
171	0.320669935253955	11317641	1	0 
172	0.321248253125009	11338052	1	0 
173	0.321876013193162	11360208	1	0 
174	0.322622377867077	11386550	1	0 
175	0.326482864283662	11522801	1	0 
176	0.329798183184842	11639811	1	0 
177	0.333962009522425	11786768	1	0 
178	0.334241350852626	11796627	1	0 
179	0.336086267312171	11861741	1	0 
180	0.336975546852658	11893127	1	0 
181	0.337386327926321	11907625	1	0 
182	0.339771085177459	11991792	1	0 
183	0.340316252692864	12011033	1	0 
184	0.341123761356086	12039533	1	0 
185	0.345891774175584	12207814	1	0 
186	0.353717043127678	12483997	1	0 
187	0.356625122659858	12586634	1	0 
188	0.356898032254389	12596266	1	0 
189	0.360761550370166	12732624	1	0 
190	0.361032363275537	12742182	1	0 
191	0.361082740482667	12743960	1	0 
192	0.361784621346013	12768732	1	0 
193	0.363697708536916	12836252	1	0 
194	0.365225741596831	12890182	1	0 
195	0.366322508363311	12928891	1	0 
196	0.3728392449437	13158891	1	0 
197	0.374167242524234	13205761	1	0 
198	0.377867077217293	13336342	1	0 
199	0.38142748208117	13462002	1	0 
200	0.384740789294101	13578941	1	0 
201	0.384788106468402	13580611	1	0 
202	0.386541250276713	13642486	1	0 
203	0.387674794104416	13682493	1	0 
204	0.388142950793624	13699016	1	0 
205	0.390876665121822	13795499	1	0 
206	0.392252886553051	13844071	1	0 
207	0.395024624622514	13941896	1	0 
208	0.395785637786917	13968755	1	0 
209	0.3963104334171	13987277	1	0 
210	0.398142486405308	14051937	1	0 
211	0.401420149902508	14167618	1	0 
212	0.405960983618086	14327881	1	0 
213	0.406163625792099	14335033	1	0 
214	0.41177878603341	14533213	1	0 
215	0.412815938826997	14569818	1	0 
216	0.41345537235372	14592386	1	0 
217	0.415264248426612	14656228	1	0 
218	0.421702699167124	14883465	1	0 
219	0.422309237340935	14904872	1	0 
220	0.425450389373594	15015735	1	0 
221	0.430487685082048	15193520	1	0 
222	0.430519560424017	15194645	1	0 
223	0.431899040223537	15243332	1	0 
224	0.432386973791584	15260553	1	0 
225	0.432955544891404	15280620	1	0 
226	0.434030693092619	15318566	1	0 
227	0.434678570043259	15341432	1	0 
228	0.435595559881032	15373796	1	0 
229	0.436357706390927	15400695	1	0 
230	0.440241483057377	15537768	1	0 
231	0.443281257335756	15645053	1	0 
232	0.443960074618334	15669011	1	0 
233	0.445331110993936	15717400	1	0 
234	0.445669074619722	15729328	1	0 
235	0.445992559756845	15740745	1	0 
236	0.446443716263669	15756668	1	0 
237	0.447217337896673	15783972	1	0 
238	0.447813052621033	15804997	1	0 
239	0.448125515973244	15816025	1	0 
240	0.448702048825147	15836373	1	0 
241	0.449962414013432	15880856	1	0 
242	0.450331289637519	15893875	1	0 
243	0.450415298872131	15896840	1	0 
244	0.45238323998486	15966296	1	0 
245	0.453629041683569	16010265	1	0 
246	0.456661250880787	16117283	1	0 
247	0.456928295412396	16126708	1	0 
248	0.458018630443207	16165190	1	0 
249	0.459850116758669	16229830	1	0 
250	0.462537618924422	16324682	1	0 
251	0.464760959443827	16403152	1	0 
252	0.4654732670857	16428292	1	0 
253	0.46598684259551	16446418	1	0 
254	0.46598831594465	16446470	1	0 
255	0.466208553307429	16454243	1	0 
256	0.469863592519908	16583243	1	0 
257	0.470963957658326	16622079	1	0 
258	0.472441868513846	16674240	1	0 
259	0.473973839949346	16728309	1	0 
260	0.476301023249478	16810444	1	0 
261	0.482968296444874	17045757	1	0 
262	0.484352706297284	17094618	1	0 
263	0.486332065865847	17164477	1	0 
264	0.486661557734079	17176106	1	0 
265	0.489767859392852	17285739	1	0 
266	0.491397666877969	17343261	1	0 
267	0.491442689027649	17344850	1	0 
268	0.496895554194471	17537302	1	0 
269	0.498743955691405	17602539	1	0 
270	0.499861774350402	17641991	1	0 
271	0.500943977627307	17680186	1	0 
272	0.501535243970609	17701054	1	0 
273	0.502141243805311	17722442	1	0 
274	0.503217695353842	17760434	1	0 
275	0.504124655084008	17792444	1	0 
276	0.508541529136372	17948332	1	0 
277	0.512158969612146	18076005	1	0 
278	0.513038615715949	18107051	1	0 
279	0.51796099019149	18280780	1	0 
280	0.520006537136799	18352975	1	0 
281	0.523454825797856	18474678	1	0 
282	0.524401820957536	18508101	1	0 
283	0.525319915807163	18540504	1	0 
284	0.52962538199764	18692460	1	0 
285	0.529983547506826	18705101	1	0 
286	0.533820006998975	18840504	1	0 
287	0.53954997513865	19042736	1	0 
288	0.54711907967586	19309878	1	0 
289	0.548652609461412	19364002	1	0 
290	0.549828285407789	19405496	1	0 
291	0.551767751215024	19473947	1	0 
292	0.553667946600954	19541012	1	0 
293	0.554706884413692	19577680	1	0 
294	0.558259582528221	19703068	1	0 
295	0.558461063023104	19710179	1	0 
296	0.559710491427389	19754276	1	0 
297	0.570845242551377	20147263	1	0 
298	0.572302129848016	20198682	1	0 
299	0.577053907493338	20366390	1	0 
300	0.585578337279595	20667249	1	0 
301	0.59174688179113	20884960	1	0 
302	0.592576150687803	20914228	1	0 
303	0.593779763600564	20956708	1	0 
304	0.59478096100841	20992044	1	0 
305	0.597097717530013	21073811	1	0 
306	0.598148045464948	21110881	1	0 
307	0.600485457208147	21193377	1	0 
308	0.60130084262254	21222155	1	0 
309	0.602329325323112	21258454	1	0 
310	0.603955959440852	21315864	1	0 
311	0.606081577245188	21390885	1	0 
312	0.613380973888882	21648508	1	0 
313	0.618203132289271	21818700	1	0 
314	0.622037835095907	21954041	1	0 
315	0.623704277974062	22012856	1	0 
316	0.625426736453171	22073648	1	0 
317	0.628906418784363	22196459	1	0 
318	0.632152065271407	22311010	1	0 
319	0.638528493679856	22536058	1	0 
320	0.640578630674409	22608415	1	0 
321	0.646017159020754	22800361	1	0 
322	0.647807873232133	22863562	1	0 
323	0.64784408362061	22864840	1	0 
324	0.648313543657134	22881409	1	0 
325	0.659827427181915	23287777	1	0 
326	0.662830594400894	23393770	1	0 
327	0.663126397574369	23404210	1	0 
328	0.666794073589086	23533656	1	0 
329	0.667584355400826	23561548	1	0 
330	0.668587309494185	23596946	1	0 
331	0.670274974266682	23656510	1	0 
332	0.67031874973632	23658055	1	0 
333	0.670656175022998	23669964	1	0 
334	0.671824314221851	23711192	1	0 
335	0.683697893272232	24130255	1	0 
336	0.68401911171837	24141592	1	0 
337	0.685984672805565	24210964	1	0 
338	0.69070369676616	24377516	1	0 
339	0.69366153016545	24481909	1	0 
340	0.695542487011648	24548295	1	0 
341	0.696086152844276	24567483	1	0 
342	0.69948378096183	24687398	1	0 
343	0.700187673513424	24712241	1	0 
344	0.703828177569965	24840728	1	0 
345	0.710888098311148	25089899	1	0 
346	0.713891293863764	25195893	1	0 
347	0.716675130396357	25294145	1	0 
348	0.720574773899699	25431778	1	0 
349	0.720693690175473	25435975	1	0 
350	0.722166387641729	25487952	1	0 
351	0.722922215750505	25514628	1	0 
352	0.72299083982006	25517050	1	0 
353	0.723664160377001	25540814	1	0 
354	0.727695668628365	25683101	1	0 
355	0.728167282021324	25699746	1	0 
356	0.729104558743408	25732826	1	0 
357	0.729320092722395	25740433	1	0 
358	0.731965661104934	25833805	1	0 
359	0.732072280582117	25837568	1	0 
360	0.733709596481121	25895355	1	0 
361	0.734093318931157	25908898	1	0 
362	0.735073606114671	25943496	1	0 
363	0.736439684103744	25991710	1	0 
364	0.736890330605097	26007615	1	0 
365	0.737848630886062	26041437	1	0 
366	0.737852739263471	26041582	1	0 
367	0.741061127017458	26154818	1	0 
368	0.742166082205119	26193816	1	0 
369	0.744076477700478	26261241	1	0 
370	0.744663919002744	26281974	1	0 
371	0.749319985621246	26446304	1	0 
372	